100001 2011-01-01 8 2 2
100002 2011-01-03 4 0 8
100003 2011-01-04 0 4 9
100004 2011-01-05 4 1 7
100005 2011-01-06 9 8 4
100006 2011-01-07 3 7 0
100007 2011-01-08 0 0 2
100008 2011-01-10 7 0 7
100009 2011-01-11 0 4 6
100010 2011-01-12 6 6 1
100011 2011-01-13 5 4 8
100012 2011-01-14 1 9 7
100013 2011-01-15 7 3 8
100014 2011-01-17 3 2 1
100015 2011-01-18 0 5 5
100016 2011-01-19 9 9 2
100017 2011-01-20 5 6 5
100018 2011-01-21 1 1 1
100019 2011-01-22 7 0 5
100020 2011-01-24 5 5 2
100021 2011-01-25 2 2 0
100022 2011-01-26 7 9 1
100023 2011-01-27 3 1 5
100024 2011-01-28 5 0 8
100025 2011-01-29 6 4 0
100026 2011-01-31 7 5 9
100027 2011-02-01 6 0 3
100028 2011-02-02 2 2 5
100029 2011-02-03 8 9 6
100030 2011-02-04 9 1 2
100031 2011-02-05 4 9 5
100032 2011-02-07 3 5 0
100033 2011-02-08 7 3 7
100034 2011-02-09 9 1 2
100035 2011-02-10 6 9 8
100036 2011-02-11 1 1 1
100037 2011-02-12 3 3 3
100038 2011-02-14 3 4 7
100039 2011-02-15 1 2 5
100040 2011-02-16 4 3 3
100041 2011-02-17 6 4 5
100042 2011-02-18 2 8 2
100043 2011-02-19 5 2 2
100044 2011-02-21 3 9 1
100045 2011-02-22 2 8 6
100046 2011-02-23 7 9 4
100047 2011-02-24 3 7 9
100048 2011-02-25 5 9 2
100049 2011-02-26 8 9 3
100050 2011-02-28 4 2 6
100051 2011-03-01 4 6 5
100052 2011-03-02 6 8 0
100053 2011-03-03 5 8 9
100054 2011-03-04 0 4 3
100055 2011-03-05 2 6 1
100056 2011-03-07 5 6 6
100057 2011-03-08 6 5 6
100058 2011-03-09 5 5 8
100059 2011-03-10 2 6 9
100060 2011-03-11 5 0 8
100061 2011-03-12 2 5 9
100062 2011-03-14 5 6 6
100063 2011-03-15 7 1 8
100064 2011-03-16 8 1 5
100065 2011-03-17 1 4 7
100066 2011-03-18 0 1 9
100067 2011-03-19 2 3 3
100068 2011-03-21 0 9 1
100069 2011-03-22 2 7 0
100070 2011-03-23 0 8 4
100071 2011-03-24 4 1 7
100072 2011-03-25 0 6 8
100073 2011-03-26 1 9 6
100074 2011-03-28 3 1 9
100075 2011-03-29 6 2 2
100076 2011-03-30 5 5 3
100077 2011-03-31 5 4 8
100078 2011-04-01 5 0 3
100079 2011-04-02 1 7 3
100080 2011-04-04 5 5 5
100081 2011-04-05 8 2 8
100082 2011-04-06 5 5 1
100083 2011-04-07 0 4 5
100084 2011-04-08 3 3 2
100085 2011-04-09 6 7 6
100086 2011-04-11 0 3 4
100087 2011-04-12 8 2 7
100088 2011-04-13 0 9 0
100089 2011-04-14 5 4 9
100090 2011-04-15 9 2 0
100091 2011-04-16 3 3 3
100092 2011-04-18 3 1 7
100093 2011-04-19 6 4 2
100094 2011-04-20 0 9 4
100095 2011-04-21 2 9 4
100096 2011-04-22 7 0 5
100097 2011-04-23 7 9 3
100098 2011-04-25 0 8 2
100099 2011-04-26 9 9 4
100100 2011-04-27 7 2 7
100101 2011-04-28 7 3 0
100102 2011-04-29 2 9 4
100103 2011-04-30 1 8 9
100104 2011-05-02 3 3 4
100105 2011-05-03 4 9 6
100106 2011-05-04 1 9 0
100107 2011-05-05 1 6 8
100108 2011-05-06 9 8 6
100109 2011-05-07 1 0 8
100110 2011-05-09 2 2 2
100111 2011-05-10 7 4 9
100112 2011-05-11 1 0 8
100113 2011-05-12 6 9 0
100114 2011-05-13 0 5 9
100115 2011-05-14 6 8 2
100116 2011-05-16 8 3 5
100117 2011-05-17 9 6 2
100118 2011-05-18 3 3 4
100119 2011-05-19 2 6 5
100120 2011-05-20 3 3 9
100121 2011-05-21 3 2 9
100122 2011-05-23 1 4 1
100123 2011-05-24 9 1 0
100124 2011-05-25 2 4 5
100125 2011-05-26 0 1 1
100126 2011-05-27 8 0 8
100127 2011-05-28 0 0 5
100128 2011-05-30 8 2 4
100129 2011-05-31 2 6 4
100130 2011-06-01 1 3 3
100131 2011-06-02 0 8 7
100132 2011-06-03 6 2 1
100133 2011-06-04 6 6 8
100134 2011-06-06 5 6 8
100135 2011-06-07 5 6 0
100136 2011-06-08 9 8 5
100137 2011-06-09 6 3 1
100138 2011-06-10 6 7 7
100139 2011-06-11 8 7 1
100140 2011-06-13 4 3 6
100141 2011-06-14 4 2 7
100142 2011-06-15 3 5 8
100143 2011-06-16 6 1 6
100144 2011-06-17 8 0 4
100145 2011-06-18 3 0 3
100146 2011-06-20 7 6 5
100147 2011-06-21 4 5 6
100148 2011-06-22 2 9 8
100149 2011-06-23 4 7 0
100150 2011-06-24 0 0 6
100151 2011-06-25 8 3 8
100152 2011-06-27 1 5 8
100153 2011-06-28 2 3 3
100154 2011-06-29 6 4 8
100155 2011-06-30 5 8 5
100156 2011-07-01 3 9 2
100157 2011-07-02 9 2 5
100158 2011-07-04 1 6 2
100159 2011-07-05 1 2 6
100160 2011-07-06 0 7 6
100161 2011-07-07 8 3 0
100162 2011-07-08 0 1 6
100163 2011-07-09 6 7 3
100164 2011-07-11 9 7 5
100165 2011-07-12 7 3 0
100166 2011-07-13 5 8 1
100167 2011-07-14 9 7 9
100168 2011-07-15 3 0 2
100169 2011-07-16 1 4 6
100170 2011-07-18 9 0 9
100171 2011-07-19 9 4 6
100172 2011-07-20 3 4 1
100173 2011-07-21 0 4 9
100174 2011-07-22 2 8 5
100175 2011-07-23 4 5 5
100176 2011-07-25 6 1 6
100177 2011-07-26 8 8 2
100178 2011-07-27 0 0 3
100179 2011-07-28 9 3 0
100180 2011-07-29 3 7 8
100181 2011-07-30 8 8 9
100182 2011-08-01 0 5 3
100183 2011-08-02 1 0 1
100184 2011-08-03 6 2 4
100185 2011-08-04 5 9 7
100186 2011-08-05 6 9 7
100187 2011-08-06 8 8 8
100188 2011-08-08 8 6 4
100189 2011-08-09 3 4 7
100190 2011-08-10 0 8 9
100191 2011-08-11 9 9 1
100192 2011-08-12 2 1 8
100193 2011-08-13 4 8 6
100194 2011-08-15 6 2 4
100195 2011-08-16 5 2 1
100196 2011-08-17 6 6 3
100197 2011-08-18 9 9 4
100198 2011-08-19 6 9 8
100199 2011-08-20 8 3 0
100200 2011-08-22 4 7 7
100201 2011-08-23 4 0 7
100202 2011-08-24 7 0 1
100203 2011-08-25 2 4 2
100204 2011-08-26 0 2 5
100205 2011-08-27 9 6 8
100206 2011-08-29 2 5 5
100207 2011-08-30 0 5 2
100208 2011-08-31 4 2 1
100209 2011-09-01 1 9 4
100210 2011-09-02 5 2 5
100211 2011-09-03 4 3 7
100212 2011-09-05 7 6 4
100213 2011-09-06 0 0 1
100214 2011-09-07 1 6 6
100215 2011-09-08 5 1 9
100216 2011-09-09 1 0 1
100217 2011-09-10 8 0 6
100218 2011-09-12 3 6 6
100219 2011-09-13 2 3 0
100220 2011-09-14 0 3 5
100221 2011-09-15 1 8 5
100222 2011-09-16 4 1 7
100223 2011-09-17 7 8 9
100224 2011-09-19 8 6 3
100225 2011-09-20 6 2 1
100226 2011-09-21 4 7 1
100227 2011-09-22 4 9 2
100228 2011-09-23 1 8 4
100229 2011-09-24 5 3 7
100230 2011-09-26 5 7 8
100231 2011-09-27 2 5 4
100232 2011-09-28 9 1 8
100233 2011-09-29 2 5 0
100234 2011-09-30 9 6 5
100235 2011-10-01 6 5 6
100236 2011-10-03 7 6 9
100237 2011-10-04 5 5 0
100238 2011-10-05 2 0 1
100239 2011-10-06 1 5 0
100240 2011-10-07 6 0 8
100241 2011-10-08 6 9 0
100242 2011-10-10 0 7 1
100243 2011-10-11 1 3 9
100244 2011-10-12 6 1 0
100245 2011-10-13 9 3 0
100246 2011-10-14 7 0 8
100247 2011-10-15 6 9 3
100248 2011-10-17 3 1 4
100249 2011-10-18 5 9 4
100250 2011-10-19 5 6 3
100251 2011-10-20 8 0 0
100252 2011-10-21 4 1 3
100253 2011-10-22 7 9 7
100254 2011-10-24 0 2 4
100255 2011-10-25 4 1 0
100256 2011-10-26 4 4 0
100257 2011-10-27 2 2 7
100258 2011-10-28 9 3 0
100259 2011-10-29 4 7 3
100260 2011-10-31 3 6 7
100261 2011-11-01 6 3 3
100262 2011-11-02 0 7 0
100263 2011-11-03 6 0 5
100264 2011-11-04 3 5 2
100265 2011-11-05 7 4 0
100266 2011-11-07 3 8 1
100267 2011-11-08 6 2 6
100268 2011-11-09 8 6 4
100269 2011-11-10 6 4 5
100270 2011-11-11 4 2 6
100271 2011-11-12 1 4 6
100272 2011-11-14 1 3 1
100273 2011-11-15 6 8 8
100274 2011-11-16 6 8 7
100275 2011-11-17 1 8 9
100276 2011-11-18 4 4 9
100277 2011-11-19 2 2 1
100278 2011-11-21 7 7 7
100279 2011-11-22 4 1 8
100280 2011-11-23 7 4 0
100281 2011-11-24 2 4 8
100282 2011-11-25 1 0 1
100283 2011-11-26 2 4 6
100284 2011-11-28 1 3 4
100285 2011-11-29 0 4 2
100286 2011-11-30 4 7 0
100287 2011-12-01 5 6 9
100288 2011-12-02 8 6 7
100289 2011-12-03 4 3 8
100290 2011-12-05 2 2 4
100291 2011-12-06 3 6 6
100292 2011-12-07 7 3 6
100293 2011-12-08 4 6 2
100294 2011-12-09 4 3 4
100295 2011-12-10 6 3 0
100296 2011-12-12 3 8 2
100297 2011-12-13 3 9 5
100298 2011-12-14 0 8 5
100299 2011-12-15 3 5 5
100300 2011-12-16 3 0 0
100301 2011-12-17 0 9 6
100302 2011-12-19 2 3 2
100303 2011-12-20 1 5 0
100304 2011-12-21 5 5 2
100305 2011-12-22 5 7 6
100306 2011-12-23 4 6 4
100307 2011-12-24 9 5 7
100308 2011-12-26 2 9 7
100309 2011-12-27 1 6 1
100310 2011-12-28 7 4 0
100311 2011-12-29 5 0 0
100312 2011-12-30 4 9 8
100313 2011-12-31 8 0 9
101001 2012-01-02 0 0 1
101002 2012-01-03 9 2 2
101003 2012-01-04 2 3 3
101004 2012-01-05 4 7 0
101005 2012-01-06 3 6 6
101006 2012-01-07 1 1 5
101007 2012-01-09 4 2 6
101008 2012-01-10 6 7 9
101009 2012-01-11 0 5 4
101010 2012-01-12 5 8 7
101011 2012-01-13 4 0 4
101012 2012-01-14 8 7 1
101013 2012-01-16 2 3 3
101014 2012-01-17 7 9 3
101015 2012-01-18 7 7 9
101016 2012-01-19 4 9 9
101017 2012-01-20 0 9 1
101018 2012-01-21 3 9 0
101019 2012-01-23 3 1 6
101020 2012-01-24 9 3 2
101021 2012-01-25 3 8 3
101022 2012-01-26 1 9 7
101023 2012-01-27 9 1 8
101024 2012-01-28 4 3 9
101025 2012-01-30 2 8 8
101026 2012-01-31 1 3 3
101027 2012-02-01 5 9 4
101028 2012-02-02 4 9 0
101029 2012-02-03 1 2 1
101030 2012-02-04 7 9 0
101031 2012-02-06 0 7 5
101032 2012-02-07 9 9 3
101033 2012-02-08 0 9 6
101034 2012-02-09 9 9 2
101035 2012-02-10 9 3 8
101036 2012-02-11 2 7 3
101037 2012-02-13 0 6 7
101038 2012-02-14 6 6 0
101039 2012-02-15 0 2 8
101040 2012-02-16 2 7 4
101041 2012-02-17 5 6 0
101042 2012-02-18 9 0 2
101043 2012-02-20 5 2 4
101044 2012-02-21 6 3 8
101045 2012-02-22 1 8 2
101046 2012-02-23 6 2 5
101047 2012-02-24 2 9 6
101048 2012-02-25 8 8 1
101049 2012-02-27 6 1 1
101050 2012-02-28 2 3 4
101051 2012-02-29 2 3 9
101052 2012-03-01 4 6 6
101053 2012-03-02 6 8 1
101054 2012-03-03 2 8 7
101055 2012-03-05 0 1 2
101056 2012-03-06 8 5 3
101057 2012-03-07 8 2 3
101058 2012-03-08 6 0 8
101059 2012-03-09 4 5 9
101060 2012-03-10 0 0 8
101061 2012-03-12 4 0 3
101062 2012-03-13 6 0 7
101063 2012-03-14 8 8 5
101064 2012-03-15 5 7 5
101065 2012-03-16 5 0 1
101066 2012-03-17 1 2 2
101067 2012-03-19 5 2 3
101068 2012-03-20 5 3 2
101069 2012-03-21 0 6 1
101070 2012-03-22 5 5 9
101071 2012-03-23 1 3 7
101072 2012-03-24 1 6 8
101073 2012-03-26 3 3 8
101074 2012-03-27 7 7 8
101075 2012-03-28 1 5 5
101076 2012-03-29 8 2 7
101077 2012-03-30 3 8 2
101078 2012-03-31 1 2 0
101079 2012-04-02 1 8 5
101080 2012-04-03 2 8 7
101081 2012-04-04 0 6 5
101082 2012-04-05 2 3 7
101083 2012-04-06 3 8 5
101084 2012-04-07 3 2 8
101085 2012-04-09 8 0 8
101086 2012-04-10 1 7 4
101087 2012-04-11 0 7 1
101088 2012-04-12 5 8 9
101089 2012-04-13 4 2 4
101090 2012-04-14 6 8 8
101091 2012-04-16 8 5 8
101092 2012-04-17 1 4 4
101093 2012-04-18 6 4 5
101094 2012-04-19 5 1 8
101095 2012-04-20 5 7 4
101096 2012-04-21 6 7 6
101097 2012-04-23 2 2 9
101098 2012-04-24 3 9 1
101099 2012-04-25 2 6 4
101100 2012-04-26 8 7 2
101101 2012-04-27 9 7 8
101102 2012-04-28 6 3 8
101103 2012-04-30 9 2 8
101104 2012-05-01 5 0 2
101105 2012-05-02 9 4 4
101106 2012-05-03 0 6 6
101107 2012-05-04 9 7 3
101108 2012-05-05 0 2 0
101109 2012-05-07 6 3 9
101110 2012-05-08 0 2 8
101111 2012-05-09 4 1 3
101112 2012-05-10 6 8 6
101113 2012-05-11 3 2 9
101114 2012-05-12 0 7 4
101115 2012-05-14 6 2 7
101116 2012-05-15 6 6 5
101117 2012-05-16 1 0 6
101118 2012-05-17 3 3 6
101119 2012-05-18 8 5 5
101120 2012-05-19 0 3 4
101121 2012-05-21 0 3 4
101122 2012-05-22 7 3 4
101123 2012-05-23 4 4 8
101124 2012-05-24 6 9 5
101125 2012-05-25 2 6 6
101126 2012-05-26 6 4 3
101127 2012-05-28 2 5 9
101128 2012-05-29 7 1 8
101129 2012-05-30 7 5 6
101130 2012-05-31 1 7 9
101131 2012-06-01 8 3 7
101132 2012-06-02 0 2 5
101133 2012-06-04 3 0 8
101134 2012-06-05 9 1 6
101135 2012-06-06 2 1 1
101136 2012-06-07 3 3 0
101137 2012-06-08 2 5 1
101138 2012-06-09 4 3 4
101139 2012-06-11 6 1 3
101140 2012-06-12 1 7 4
101141 2012-06-13 6 6 0
101142 2012-06-14 6 0 8
101143 2012-06-15 6 4 0
101144 2012-06-16 3 5 4
101145 2012-06-18 5 0 3
101146 2012-06-19 2 5 2
101147 2012-06-20 5 3 8
101148 2012-06-21 0 6 4
101149 2012-06-22 3 2 2
101150 2012-06-23 6 6 3
101151 2012-06-25 7 1 4
101152 2012-06-26 7 6 1
101153 2012-06-27 6 0 3
101154 2012-06-28 6 7 3
101155 2012-06-29 5 8 6
101156 2012-06-30 3 9 2
101157 2012-07-02 1 2 8
101158 2012-07-03 7 9 8
101159 2012-07-04 0 1 4
101160 2012-07-05 0 7 8
101161 2012-07-06 6 9 1
101162 2012-07-07 9 3 4
101163 2012-07-09 0 3 9
101164 2012-07-10 8 2 1
101165 2012-07-11 0 7 5
101166 2012-07-12 6 0 5
101167 2012-07-13 6 2 3
101168 2012-07-14 7 7 9
101169 2012-07-16 7 9 6
101170 2012-07-17 0 9 9
101171 2012-07-18 7 8 6
101172 2012-07-19 6 2 8
101173 2012-07-20 6 6 4
101174 2012-07-21 3 5 8
101175 2012-07-23 8 8 0
101176 2012-07-24 3 6 8
101177 2012-07-25 4 0 6
101178 2012-07-26 7 1 2
101179 2012-07-27 4 6 9
101180 2012-07-28 1 1 9
101181 2012-07-30 8 5 0
101182 2012-07-31 3 8 8
101183 2012-08-01 9 1 3
101184 2012-08-02 0 7 5
101185 2012-08-03 4 2 6
101186 2012-08-04 1 5 2
101187 2012-08-06 4 1 0
101188 2012-08-07 9 1 9
101189 2012-08-08 5 5 3
101190 2012-08-09 6 2 9
101191 2012-08-10 0 0 2
101192 2012-08-11 7 6 3
101193 2012-08-13 1 2 8
101194 2012-08-14 8 6 2
101195 2012-08-15 1 6 4
101196 2012-08-16 2 1 8
101197 2012-08-17 5 4 6
101198 2012-08-18 7 5 6
101199 2012-08-20 0 7 0
101200 2012-08-21 1 2 0
101201 2012-08-22 0 0 2
101202 2012-08-23 1 4 6
101203 2012-08-24 2 6 6
101204 2012-08-25 6 3 2
101205 2012-08-27 9 6 5
101206 2012-08-28 4 9 4
101207 2012-08-29 4 1 5
101208 2012-08-30 9 2 5
101209 2012-08-31 6 5 6
101210 2012-09-01 5 0 2
101211 2012-09-03 6 8 2
101212 2012-09-04 9 8 2
101213 2012-09-05 4 9 7
101214 2012-09-06 0 6 2
101215 2012-09-07 1 9 7
101216 2012-09-08 2 2 5
101217 2012-09-10 0 4 7
101218 2012-09-11 9 0 8
101219 2012-09-12 8 7 2
101220 2012-09-13 5 2 6
101221 2012-09-14 5 3 5
101222 2012-09-15 4 4 2
101223 2012-09-17 0 4 1
101224 2012-09-18 9 8 5
101225 2012-09-19 0 7 2
101226 2012-09-20 5 6 8
101227 2012-09-21 7 1 6
101228 2012-09-22 2 2 4
101229 2012-09-24 6 3 6
101230 2012-09-25 9 0 1
101231 2012-09-26 1 0 6
101232 2012-09-27 7 7 8
101233 2012-09-28 7 6 7
101234 2012-09-29 6 5 8
101235 2012-10-01 2 0 5
101236 2012-10-02 8 5 6
101237 2012-10-03 9 9 9
101238 2012-10-04 2 8 1
101239 2012-10-05 2 9 0
101240 2012-10-06 9 0 2
101241 2012-10-08 2 9 7
101242 2012-10-09 9 9 9
101243 2012-10-10 2 5 1
101244 2012-10-11 2 7 3
101245 2012-10-12 7 5 5
101246 2012-10-13 8 7 4
101247 2012-10-15 6 1 8
101248 2012-10-16 4 4 0
101249 2012-10-17 1 0 3
101250 2012-10-18 0 9 6
101251 2012-10-19 4 8 7
101252 2012-10-20 5 6 7
101253 2012-10-22 8 8 2
101254 2012-10-23 8 5 8
101255 2012-10-24 5 5 7
101256 2012-10-25 6 0 6
101257 2012-10-26 9 5 8
101258 2012-10-27 4 9 3
101259 2012-10-29 6 5 2
101260 2012-10-30 7 5 7
101261 2012-10-31 8 0 2
101262 2012-11-01 6 2 1
101263 2012-11-02 2 2 4
101264 2012-11-03 2 1 3
101265 2012-11-05 8 0 0
101266 2012-11-06 1 9 6
101267 2012-11-07 8 0 9
101268 2012-11-08 4 2 8
101269 2012-11-09 2 4 2
101270 2012-11-10 9 6 1
101271 2012-11-12 6 3 3
101272 2012-11-13 1 4 4
101273 2012-11-14 2 7 8
101274 2012-11-15 5 3 8
101275 2012-11-16 1 2 8
101276 2012-11-17 1 5 7
101277 2012-11-19 2 7 1
101278 2012-11-20 1 6 3
101279 2012-11-21 2 8 3
101280 2012-11-22 7 3 2
101281 2012-11-23 6 6 6
101282 2012-11-24 8 1 2
101283 2012-11-26 1 4 4
101284 2012-11-27 0 1 2
101285 2012-11-28 8 2 4
101286 2012-11-29 7 6 3
101287 2012-11-30 0 5 1
101288 2012-12-01 2 6 2
101289 2012-12-03 2 3 9
101290 2012-12-04 6 8 9
101291 2012-12-05 6 6 6
101292 2012-12-06 6 7 2
101293 2012-12-07 1 4 5
101294 2012-12-08 0 9 6
101295 2012-12-10 4 1 3
101296 2012-12-11 1 0 8
101297 2012-12-12 9 6 2
101298 2012-12-13 8 6 4
101299 2012-12-14 7 5 8
101300 2012-12-15 2 9 2
101301 2012-12-17 5 4 5
101302 2012-12-18 9 3 0
101303 2012-12-19 9 1 9
101304 2012-12-20 3 1 2
101305 2012-12-21 6 3 4
101306 2012-12-22 6 2 6
101307 2012-12-24 6 1 9
101308 2012-12-25 9 2 3
101309 2012-12-26 1 0 7
101310 2012-12-27 7 5 9
101311 2012-12-28 9 3 6
101312 2012-12-29 3 4 5
101313 2012-12-31 1 9 4
102001 2013-01-01 6 2 7
102002 2013-01-02 6 7 0
102003 2013-01-03 2 3 0
102004 2013-01-04 2 7 7
102005 2013-01-05 8 5 4
102006 2013-01-07 1 3 0
102007 2013-01-08 6 3 6
102008 2013-01-09 6 6 6
102009 2013-01-10 0 2 3
102010 2013-01-11 0 9 7
102011 2013-01-12 1 1 1
102012 2013-01-14 1 3 1
102013 2013-01-15 9 1 5
102014 2013-01-16 2 2 0
102015 2013-01-17 7 1 0
102016 2013-01-18 4 4 2
102017 2013-01-19 4 2 7
102018 2013-01-21 6 9 4
102019 2013-01-22 1 3 6
102020 2013-01-23 4 5 7
102021 2013-01-24 9 5 9
102022 2013-01-25 3 8 5
102023 2013-01-26 5 9 7
102024 2013-01-28 6 8 5
102025 2013-01-29 1 7 7
102026 2013-01-30 0 0 0
102027 2013-01-31 9 4 6
102028 2013-02-01 4 1 4
102029 2013-02-02 3 5 5
102030 2013-02-04 6 3 3
102031 2013-02-05 6 1 9
102032 2013-02-06 0 7 1
102033 2013-02-07 0 2 2
102034 2013-02-08 6 3 4
102035 2013-02-09 7 7 3
102036 2013-02-11 7 6 6
102037 2013-02-12 8 8 0
102038 2013-02-13 5 5 5
102039 2013-02-14 9 6 5
102040 2013-02-15 0 6 2
102041 2013-02-16 1 3 6
102042 2013-02-18 4 5 1
102043 2013-02-19 0 2 8
102044 2013-02-20 3 2 8
102045 2013-02-21 5 5 2
102046 2013-02-22 9 7 1
102047 2013-02-23 2 4 8
102048 2013-02-25 7 6 9
102049 2013-02-26 0 1 0
102050 2013-02-27 3 1 0
102051 2013-02-28 9 9 4
102052 2013-03-01 1 4 8
102053 2013-03-02 5 3 1
102054 2013-03-04 4 9 3
102055 2013-03-05 0 9 0
102056 2013-03-06 8 7 4
102057 2013-03-07 7 5 9
102058 2013-03-08 0 2 0
102059 2013-03-09 0 2 3
102060 2013-03-11 4 0 1
102061 2013-03-12 6 0 2
102062 2013-03-13 0 7 4
102063 2013-03-14 0 7 4
102064 2013-03-15 7 9 2
102065 2013-03-16 7 0 3
102066 2013-03-18 3 9 6
102067 2013-03-19 4 4 9
102068 2013-03-20 3 9 9
102069 2013-03-21 2 7 9
102070 2013-03-22 2 9 2
102071 2013-03-23 2 6 6
102072 2013-03-25 4 3 8
102073 2013-03-26 3 8 7
102074 2013-03-27 3 5 3
102075 2013-03-28 8 8 7
102076 2013-03-29 1 4 0
102077 2013-03-30 0 5 9
102078 2013-04-01 7 3 8
102079 2013-04-02 9 0 5
102080 2013-04-03 0 9 8
102081 2013-04-04 4 9 2
102082 2013-04-05 5 4 4
102083 2013-04-06 5 9 2
102084 2013-04-08 3 4 3
102085 2013-04-09 2 3 2
102086 2013-04-10 3 9 5
102087 2013-04-11 4 9 8
102088 2013-04-12 0 9 4
102089 2013-04-13 7 4 4
102090 2013-04-15 5 5 9
102091 2013-04-16 6 2 6
102092 2013-04-17 7 6 0
102093 2013-04-18 3 2 9
102094 2013-04-19 0 8 8
102095 2013-04-20 6 3 6
102096 2013-04-22 8 1 2
102097 2013-04-23 8 5 4
102098 2013-04-24 4 6 9
102099 2013-04-25 3 3 0
102100 2013-04-26 6 7 6
102101 2013-04-27 9 6 5
102102 2013-04-29 3 9 8
102103 2013-04-30 7 5 3
102104 2013-05-01 8 0 5
102105 2013-05-02 9 6 9
102106 2013-05-03 1 0 3
102107 2013-05-04 5 1 3
102108 2013-05-06 2 2 0
102109 2013-05-07 2 8 5
102110 2013-05-08 9 1 9
102111 2013-05-09 9 4 9
102112 2013-05-10 4 3 9
102113 2013-05-11 2 4 2
102114 2013-05-13 8 8 6
102115 2013-05-14 1 9 3
102116 2013-05-15 4 4 8
102117 2013-05-16 7 1 9
102118 2013-05-17 4 9 2
102119 2013-05-18 7 0 2
102120 2013-05-20 3 1 1
102121 2013-05-21 8 2 6
102122 2013-05-22 9 7 0
102123 2013-05-23 1 7 5
102124 2013-05-24 3 8 9
102125 2013-05-25 1 6 2
102126 2013-05-27 0 0 6
102127 2013-05-28 8 6 8
102128 2013-05-29 3 0 7
102129 2013-05-30 9 1 7
102130 2013-05-31 4 0 7
102131 2013-06-01 2 2 7
102132 2013-06-03 9 4 1
102133 2013-06-04 9 4 3
102134 2013-06-05 7 1 8
102135 2013-06-06 1 4 8
102136 2013-06-07 0 3 7
102137 2013-06-08 8 3 1
102138 2013-06-10 9 6 8
102139 2013-06-11 4 3 0
102140 2013-06-12 1 1 5
102141 2013-06-13 9 8 3
102142 2013-06-14 4 5 8
102143 2013-06-15 1 6 6
102144 2013-06-17 3 8 0
102145 2013-06-18 3 7 8
102146 2013-06-19 4 7 6
102147 2013-06-20 0 5 5
102148 2013-06-21 3 2 8
102149 2013-06-22 4 2 2
102150 2013-06-24 5 2 7
102151 2013-06-25 7 7 2
102152 2013-06-26 7 8 7
102153 2013-06-27 6 9 5
102154 2013-06-28 9 6 7
102155 2013-06-29 5 0 6
102156 2013-07-01 4 5 0
102157 2013-07-02 8 9 7
102158 2013-07-03 6 3 8
102159 2013-07-04 9 0 4
102160 2013-07-05 3 5 1
102161 2013-07-06 2 1 4
102162 2013-07-08 6 8 5
102163 2013-07-09 5 9 4
102164 2013-07-10 4 4 8
102165 2013-07-11 4 7 3
102166 2013-07-12 0 9 7
102167 2013-07-13 9 4 5
102168 2013-07-15 6 9 5
102169 2013-07-16 8 4 6
102170 2013-07-17 5 4 8
102171 2013-07-18 6 4 4
102172 2013-07-19 8 6 9
102173 2013-07-20 5 7 8
102174 2013-07-22 7 6 0
102175 2013-07-23 4 4 4
102176 2013-07-24 8 5 9
102177 2013-07-25 8 7 5
102178 2013-07-26 9 5 7
102179 2013-07-27 1 3 8
102180 2013-07-29 1 9 6
102181 2013-07-30 5 1 8
102182 2013-07-31 8 4 1
102183 2013-08-01 0 9 7
102184 2013-08-02 6 6 4
102185 2013-08-03 9 8 6
102186 2013-08-05 7 5 3
102187 2013-08-06 8 0 0
102188 2013-08-07 3 5 6
102189 2013-08-08 7 0 7
102190 2013-08-09 2 5 6
102191 2013-08-10 0 1 9
102192 2013-08-12 4 1 4
102193 2013-08-13 0 8 6
102194 2013-08-14 1 8 5
102195 2013-08-15 7 2 2
102196 2013-08-16 2 5 8
102197 2013-08-17 0 0 1
102198 2013-08-19 7 4 8
102199 2013-08-20 0 1 9
102200 2013-08-21 3 3 6
102201 2013-08-22 1 1 4
102202 2013-08-23 8 1 4
102203 2013-08-24 8 4 7
102204 2013-08-26 8 7 1
102205 2013-08-27 4 0 5
102206 2013-08-28 0 9 5
102207 2013-08-29 0 3 4
102208 2013-08-30 4 7 2
102209 2013-08-31 8 0 7
102210 2013-09-02 0 1 9
102211 2013-09-03 7 9 1
102212 2013-09-04 1 5 3
102213 2013-09-05 6 5 8
102214 2013-09-06 5 2 4
102215 2013-09-07 9 4 2
102216 2013-09-09 7 7 3
102217 2013-09-10 2 6 0
102218 2013-09-11 8 4 1
102219 2013-09-12 6 4 1
102220 2013-09-13 4 6 4
102221 2013-09-14 3 0 5
102222 2013-09-16 8 4 4
102223 2013-09-17 7 5 9
102224 2013-09-18 2 9 1
102225 2013-09-19 2 8 2
102226 2013-09-20 2 8 8
102227 2013-09-21 5 0 8
102228 2013-09-23 4 6 7
102229 2013-09-24 9 6 3
102230 2013-09-25 0 8 8
102231 2013-09-26 6 0 3
102232 2013-09-27 8 2 5
102233 2013-09-28 3 2 3
102234 2013-09-30 1 0 3
102235 2013-10-01 3 8 4
102236 2013-10-02 0 0 5
102237 2013-10-03 1 6 6
102238 2013-10-04 2 3 0
102239 2013-10-05 7 3 5
102240 2013-10-07 5 0 9
102241 2013-10-08 0 0 8
102242 2013-10-09 4 5 8
102243 2013-10-10 1 9 7
102244 2013-10-11 8 5 7
102245 2013-10-12 0 3 9
102246 2013-10-14 4 1 6
102247 2013-10-15 5 3 5
102248 2013-10-16 9 9 5
102249 2013-10-17 3 0 4
102250 2013-10-18 7 1 5
102251 2013-10-19 9 0 5
102252 2013-10-21 1 6 1
102253 2013-10-22 6 5 3
102254 2013-10-23 0 0 4
102255 2013-10-24 9 5 5
102256 2013-10-25 4 9 9
102257 2013-10-26 7 7 3
102258 2013-10-28 7 8 7
102259 2013-10-29 1 8 9
102260 2013-10-30 4 5 0
102261 2013-10-31 7 4 1
102262 2013-11-01 8 5 5
102263 2013-11-02 2 4 7
102264 2013-11-04 1 0 1
102265 2013-11-05 5 1 9
102266 2013-11-06 0 5 1
102267 2013-11-07 9 2 6
102268 2013-11-08 5 5 6
102269 2013-11-09 6 3 1
102270 2013-11-11 6 4 1
102271 2013-11-12 6 8 2
102272 2013-11-13 1 3 6
102273 2013-11-14 3 5 3
102274 2013-11-15 5 7 7
102275 2013-11-16 4 9 0
102276 2013-11-18 5 3 7
102277 2013-11-19 5 8 3
102278 2013-11-20 5 2 6
102279 2013-11-21 6 6 3
102280 2013-11-22 9 2 4
102281 2013-11-23 5 3 0
102282 2013-11-25 7 9 3
102283 2013-11-26 4 7 9
102284 2013-11-27 4 5 0
102285 2013-11-28 9 0 4
102286 2013-11-29 1 1 3
102287 2013-11-30 6 7 0
102288 2013-12-02 2 1 1
102289 2013-12-03 7 0 6
102290 2013-12-04 1 5 2
102291 2013-12-05 7 5 3
102292 2013-12-06 8 8 5
102293 2013-12-07 9 9 3
102294 2013-12-09 6 6 6
102295 2013-12-10 0 6 6
102296 2013-12-11 7 4 4
102297 2013-12-12 4 9 0
102298 2013-12-13 0 5 2
102299 2013-12-14 8 9 6
102300 2013-12-16 1 7 3
102301 2013-12-17 6 3 7
102302 2013-12-18 4 7 1
102303 2013-12-19 8 5 6
102304 2013-12-20 0 3 7
102305 2013-12-21 5 4 4
102306 2013-12-23 8 3 7
102307 2013-12-24 0 3 3
102308 2013-12-25 5 5 5
102309 2013-12-26 8 8 5
102310 2013-12-27 0 7 0
102311 2013-12-28 8 6 5
102312 2013-12-30 4 3 7
102313 2013-12-31 8 5 9
103001 2014-01-01 5 6 9
103002 2014-01-02 7 6 0
103003 2014-01-03 1 7 1
103004 2014-01-04 1 9 5
103005 2014-01-06 4 5 9
103006 2014-01-07 3 5 4
103007 2014-01-08 7 5 3
103008 2014-01-09 5 6 8
103009 2014-01-10 5 0 8
103010 2014-01-11 8 1 2
103011 2014-01-13 9 3 3
103012 2014-01-14 1 7 1
103013 2014-01-15 7 7 0
103014 2014-01-16 1 4 5
103015 2014-01-17 7 1 5
103016 2014-01-18 3 5 1
103017 2014-01-20 7 5 5
103018 2014-01-21 6 5 8
103019 2014-01-22 0 5 2
103020 2014-01-23 8 5 5
103021 2014-01-24 5 6 8
103022 2014-01-25 7 2 4
103023 2014-01-27 5 4 6
103024 2014-01-28 1 5 8
103025 2014-01-29 1 8 7
103026 2014-01-30 0 8 4
103027 2014-01-31 6 6 2
103028 2014-02-01 7 3 6
103029 2014-02-03 3 9 9
103030 2014-02-04 2 6 2
103031 2014-02-05 4 1 9
103032 2014-02-06 7 9 1
103033 2014-02-07 1 2 6
103034 2014-02-08 3 3 2
103035 2014-02-10 7 5 2
103036 2014-02-11 2 7 4
103037 2014-02-12 2 0 9
103038 2014-02-13 3 5 8
103039 2014-02-14 5 3 6
103040 2014-02-15 2 6 1
103041 2014-02-17 4 5 6
103042 2014-02-18 9 1 9
103043 2014-02-19 4 4 6
103044 2014-02-20 8 7 8
103045 2014-02-21 5 9 1
103046 2014-02-22 7 8 3
103047 2014-02-24 9 0 2
103048 2014-02-25 8 2 0
103049 2014-02-26 3 7 6
103050 2014-02-27 5 9 7
103051 2014-02-28 0 8 3
103052 2014-03-01 2 6 2
