093001 6 9 12 13 33 39 21
093002 16 21 27 30 31 47 35
093003 2 4 25 26 34 43 41
093004 18 19 28 29 30 34 12
093005 14 15 20 29 32 39 43
093006 13 28 29 32 33 34 43
093007 2 6 13 34 40 44 14
093008 22 29 34 36 44 46 37
093009 4 6 11 22 42 48 23
093010 17 22 26 29 37 43 31
093011 14 17 20 25 43 48 15
093012 1 2 26 31 39 40 38
093013 7 13 18 19 25 37 14
093014 4 21 25 32 37 43 2
093015 3 6 17 23 28 32 45
093016 8 12 23 24 45 46 36
093017 1 11 17 25 41 45 32
093018 12 15 22 23 41 48 17
093019 8 12 17 18 19 34 37
093020 8 14 21 22 30 31 48
093021 1 2 7 26 38 43 4
093022 6 16 20 25 33 46 12
093023 2 12 14 30 41 46 29
093024 11 17 21 36 43 49 5
093025 11 13 15 21 35 38 37
093026 3 7 42 45 46 49 8
093027 16 24 25 26 39 44 30
093028 5 14 26 38 41 43 4
093029 24 25 26 30 36 48 45
093030 13 14 20 30 37 45 1
093031 13 17 19 26 39 45 11
093032 3 11 19 20 22 28 13
093033 22 25 29 31 34 46 49
093034 1 10 13 33 34 46 7
093035 3 9 13 28 40 48 39
093036 6 27 40 44 45 47 11
093037 3 4 10 23 25 26 33
093038 4 10 11 14 32 36 9
093039 2 4 18 20 32 49 30
093040 6 28 30 34 43 46 9
093041 1 16 17 30 36 49 44
093042 6 22 27 34 42 44 36
093043 1 17 30 31 32 45 33
093044 1 4 31 32 34 35 33
093045 6 15 25 37 41 49 3
093046 2 10 16 22 30 33 41
093047 5 12 41 43 45 46 33
093048 5 11 30 34 44 48 40
093049 6 9 11 17 22 36 44
093050 11 17 29 36 44 49 33
093051 12 17 19 22 27 42 48
093052 6 10 11 16 29 44 37
093053 7 19 27 31 42 46 39
093054 4 5 7 13 24 30 49
093055 3 4 8 25 36 42 32
093056 2 5 32 38 42 49 44
093057 2 3 7 26 30 49 6
093058 11 15 24 27 37 46 1
093059 1 15 28 38 41 42 24
093060 20 31 33 40 42 46 30
093061 3 11 19 21 40 42 14
093062 13 14 21 24 27 30 20
093063 5 17 19 26 28 43 25
093064 11 16 27 33 34 40 7
093065 5 6 11 16 19 42 10
093066 10 22 31 32 41 48 24
093067 13 29 31 38 45 46 43
093068 14 31 34 37 42 48 29
093069 4 22 28 29 44 47 32
093070 9 16 18 32 41 47 46
093071 12 25 26 31 36 42 29
093072 7 13 14 20 21 49 34
093073 8 10 11 21 23 44 42
093074 7 19 26 37 38 46 29
093075 5 6 8 9 10 43 13
093076 1 15 16 33 35 48 10
093077 26 27 40 41 42 43 28
093078 7 13 15 20 22 47 19
093079 12 15 21 23 25 35 24
093080 3 6 19 22 31 32 5
093081 1 7 10 32 42 45 26
093082 4 23 36 39 45 47 25
093083 10 21 23 25 38 42 33
093084 3 10 20 21 24 48 26
093085 6 13 30 34 38 44 48
093086 10 12 13 24 31 40 47
093087 1 10 25 28 38 49 23
093088 23 26 31 33 36 38 21
093089 12 24 25 27 34 36 39
093090 9 12 17 28 40 43 13
093091 8 11 14 17 23 33 30
093092 7 11 20 38 39 45 30
093093 2 14 27 28 44 49 30
093094 3 4 9 10 27 31 26
093095 4 12 23 30 35 48 46
093096 5 16 23 28 38 47 49
093097 2 8 11 12 26 35 47
093098 16 28 35 44 46 48 26
093099 5 15 24 37 38 39 6
093100 2 12 18 22 34 36 8
093101 3 4 13 26 39 42 18
093102 3 5 18 23 40 45 41
093103 1 8 16 22 24 30 14
093104 3 18 33 34 43 49 2
094001 5 10 27 37 39 46 8
094002 6 23 39 45 46 47 18
094003 1 3 14 17 36 49 10
094004 1 2 15 21 31 35 33
094005 7 14 16 38 45 49 25
094006 1 23 26 27 33 41 18
094007 14 17 30 31 36 47 28
094008 3 25 39 44 45 48 13
094009 2 17 31 35 37 46 3
094010 7 8 19 30 43 48 49
094011 11 31 41 44 47 49 25
094012 19 26 28 33 38 46 48
094013 5 7 24 26 30 47 36
094014 12 14 21 23 25 30 3
094015 6 11 21 22 35 41 27
094016 2 4 36 41 42 48 34
094017 14 21 25 27 43 47 5
094018 25 28 31 32 34 36 43
094019 1 6 16 34 36 40 38
094020 1 3 16 31 42 48 23
094021 5 12 19 21 33 42 9
094022 7 10 12 22 30 34 8
094023 2 5 6 19 38 45 1
094024 7 10 23 44 45 47 38
094025 1 2 9 25 28 44 42
094026 20 22 28 38 41 47 25
094027 5 15 28 29 33 40 26
094028 5 15 23 29 31 44 17
094029 2 6 9 24 27 45 49
094030 18 20 25 36 48 49 21
094031 11 20 40 41 45 49 36
094032 4 5 22 33 36 43 26
094033 1 16 25 34 36 38 41
094034 4 5 15 20 29 39 34
094035 1 3 29 35 43 47 40
094036 5 14 18 34 44 47 10
094037 1 2 7 9 16 29 15
094038 15 28 29 31 32 47 18
094039 1 6 11 37 41 44 4
094040 2 4 14 24 27 46 28
094041 2 8 9 10 21 31 44
094042 3 9 16 18 41 48 22
094043 4 8 11 15 16 25 43
094044 4 15 21 30 41 46 48
094045 3 4 9 10 28 45 37
094046 4 6 13 22 30 44 5
094047 9 14 25 31 36 46 40
094048 8 12 16 25 28 45 49
094049 4 20 22 28 47 48 43
094050 4 10 18 34 40 43 3
094051 10 17 22 37 43 49 8
094052 2 4 5 9 35 45 48
094053 2 15 17 31 32 38 11
094054 6 12 21 27 36 48 18
094055 1 11 14 18 35 43 25
094056 3 22 31 43 46 47 14
094057 7 11 13 25 30 40 6
094058 11 22 26 28 33 37 42
094059 5 12 25 27 41 44 18
094060 9 14 24 27 37 41 12
094061 2 13 16 36 44 47 21
094062 9 20 26 29 40 41 21
094063 24 28 37 38 43 45 18
094064 9 20 22 31 45 46 3
094065 13 15 33 37 38 41 47
094066 3 8 11 36 38 49 19
094067 17 18 23 24 25 28 41
094068 2 4 6 21 25 46 28
094069 9 10 36 40 42 43 41
094070 6 12 20 43 47 48 41
094071 5 8 22 26 27 44 10
094072 3 10 11 36 37 45 29
094073 4 24 28 30 35 39 19
094074 4 15 23 41 44 45 46
094075 3 26 29 38 43 45 28
094076 2 11 35 37 48 49 5
094077 4 18 26 37 41 44 6
094078 1 8 19 23 38 40 5
094079 3 15 16 25 40 48 18
094080 2 8 24 28 31 48 15
094081 6 11 23 29 45 49 26
094082 3 11 26 43 46 48 5
094083 27 30 35 39 43 47 25
094084 11 13 14 21 42 47 22
094085 7 8 17 22 27 44 28
094086 6 8 23 26 28 36 37
094087 5 10 22 26 31 48 41
094088 6 8 17 19 30 47 23
094089 16 17 23 32 42 48 2
094090 4 7 19 30 36 46 48
094091 2 13 29 39 44 49 35
094092 2 3 4 17 27 39 15
094093 7 13 23 33 34 42 30
094094 9 11 30 41 47 49 4
094095 2 14 23 25 26 40 6
094096 7 30 38 39 40 43 13
094097 25 31 34 40 41 47 15
094098 13 18 26 28 35 48 42
094099 26 28 29 30 36 37 18
094100 7 16 32 39 45 49 30
094101 3 20 21 22 26 27 25
094102 12 22 24 26 27 47 40
094103 1 2 7 8 27 45 19
094104 6 7 10 13 31 39 18
095001 6 15 22 25 35 41 32
095002 18 23 26 38 39 48 45
095003 8 20 22 39 45 46 31
095004 7 11 22 24 28 30 35
095005 4 12 15 19 26 31 41
095006 3 11 18 20 21 26 24
095007 1 11 16 21 23 40 10
095008 10 29 30 32 43 47 35
095009 4 5 13 26 32 42 46
095010 2 8 12 20 26 33 13
095011 11 15 18 25 29 49 5
095012 12 21 34 37 38 39 27
095013 3 15 21 23 36 49 10
095014 5 6 18 23 26 29 16
095015 2 14 18 21 37 43 13
095016 7 12 16 17 19 33 39
095017 9 17 18 27 36 42 10
095018 5 8 24 31 32 39 4
095019 5 7 9 15 31 34 38
095020 6 13 15 17 18 22 3
095021 4 21 25 35 39 42 45
095022 3 9 18 42 45 46 5
095023 12 28 30 40 47 49 3
095024 7 23 28 29 38 46 14
095025 5 8 9 15 29 45 18
095026 12 17 26 31 35 48 40
095027 6 10 11 32 34 39 7
095028 5 23 36 38 40 42 1
095029 8 10 16 22 37 38 14
095030 1 23 25 37 39 45 21
095031 4 6 14 16 20 41 2
095032 9 13 15 27 34 42 2
095033 3 9 19 40 44 49 4
095034 9 12 30 33 42 49 4
095035 3 16 24 25 40 43 48
095036 2 3 19 26 27 41 7
095037 5 8 18 26 38 42 2
095038 2 12 19 26 34 46 38
095039 8 20 35 36 45 46 44
095040 1 23 28 46 47 49 6
095041 11 20 31 38 42 46 37
095042 1 15 20 37 47 48 38
095043 2 9 15 16 22 49 7
095044 4 11 34 35 45 48 24
095045 4 12 15 37 41 42 19
095046 3 4 15 23 26 47 12
095047 8 11 12 32 38 45 24
095048 1 25 35 37 44 46 43
095049 3 8 14 18 19 43 29
095050 1 18 31 39 41 47 44
095051 1 20 29 30 35 39 43
095052 11 15 17 21 23 31 9
095053 8 9 14 19 20 33 29
095054 14 23 24 41 44 47 10
095055 1 6 9 16 42 44 3
095056 6 16 24 34 42 43 23
095057 11 20 31 34 36 38 15
095058 7 30 37 41 43 49 10
095059 14 16 25 27 42 49 44
095060 4 36 37 42 45 46 1
095061 12 28 29 35 37 42 8
095062 3 20 21 42 44 46 25
095063 4 8 12 20 22 39 48
095064 3 9 16 40 43 48 42
095065 6 10 19 27 32 41 43
095066 18 23 25 28 35 36 16
095067 16 20 24 30 38 40 6
095068 10 11 14 17 21 45 19
095069 17 24 34 38 42 49 30
095070 5 6 25 33 38 49 47
095071 2 5 27 30 33 48 19
095072 11 12 15 28 43 48 37
095073 2 8 11 14 15 21 31
095074 1 10 37 39 43 44 35
095075 1 9 21 39 40 41 46
095076 6 13 20 21 33 40 26
095077 2 6 8 25 30 45 38
095078 8 19 30 33 37 43 22
095079 6 7 23 31 33 36 24
095080 7 15 20 32 36 44 3
095081 1 17 21 35 36 46 19
095082 9 17 23 26 30 41 19
095083 8 13 16 41 43 46 31
095084 9 10 12 25 33 38 5
095085 1 4 5 15 18 42 6
095086 5 7 11 19 36 42 23
095087 6 8 29 39 46 49 23
095088 6 30 34 45 46 48 29
095089 5 18 20 33 38 40 34
095090 12 14 20 22 37 40 23
095091 5 17 29 34 38 47 26
095092 2 17 28 29 38 49 16
095093 6 7 11 19 47 48 17
095094 1 23 34 37 43 45 9
095095 14 19 31 37 42 45 11
095096 3 6 7 14 16 43 17
095097 14 26 28 35 41 45 33
095098 5 27 28 30 35 42 37
095099 16 18 37 38 45 46 10
095100 2 4 8 27 33 48 14
095101 12 19 30 32 34 36 37
095102 16 32 42 45 46 49 3
095103 6 13 24 31 32 49 3
095104 1 4 7 8 25 31 33
096001 13 21 23 27 31 49 19
096002 12 19 23 42 44 48 33
096003 26 28 35 39 44 45 18
096004 10 16 26 28 31 33 44
096005 13 28 33 38 43 48 4
096006 6 26 27 44 45 46 2
096007 6 7 15 31 36 44 29
096008 8 13 18 26 34 36 17
096009 6 18 26 39 42 45 14
096010 7 8 10 12 47 48 38
096011 12 16 26 32 41 48 1
096012 7 28 30 41 45 48 44
096013 2 8 25 39 43 46 13
096014 18 19 27 34 44 48 37
096015 1 13 19 33 38 45 36
096016 5 13 25 30 39 48 36
096017 6 22 36 39 48 49 28
096018 12 15 24 32 39 49 6
096019 2 15 16 31 33 46 40
096020 12 14 20 21 23 31 45
096021 4 13 22 24 26 41 28
096022 28 35 36 38 43 49 47
096023 14 15 25 37 47 49 13
096024 5 6 17 19 20 32 18
096025 4 11 21 39 42 43 10
096026 14 31 33 40 45 46 49
096027 4 10 39 43 45 49 33
096028 10 18 22 34 35 37 41
096029 2 4 6 20 42 47 39
096030 5 15 23 28 31 33 49
096031 8 31 40 44 45 48 6
096032 9 15 16 19 44 49 37
096033 8 20 22 25 38 40 41
096034 9 10 29 32 38 42 37
096035 21 24 28 34 45 49 46
096036 6 22 34 38 40 44 15
096037 1 16 27 28 41 46 38
096038 10 13 21 26 29 47 49
096039 13 31 35 40 47 48 39
096040 11 12 27 41 43 46 36
096041 1 18 30 32 41 48 24
096042 2 11 13 25 34 36 38
096043 10 15 18 43 45 48 11
096044 7 8 11 25 34 43 16
096045 1 16 23 25 36 47 21
096046 1 2 11 26 28 46 16
096047 3 5 20 38 39 44 43
096048 11 17 28 34 36 46 26
096049 20 28 33 41 43 45 10
096050 13 32 35 39 41 42 1
096051 18 24 37 38 43 47 2
096052 9 23 26 28 29 44 31
096053 1 5 9 21 24 49 35
096054 9 12 23 36 44 48 26
096055 2 29 34 40 44 45 1
096056 5 10 13 18 34 35 15
096057 15 29 37 39 48 49 46
096058 2 5 10 19 23 25 11
096059 1 7 12 22 29 31 4
096060 13 21 32 39 42 46 36
096061 1 6 7 25 39 41 5
096062 2 12 15 27 38 40 35
096063 1 5 18 25 35 41 14
096064 11 22 27 29 35 40 48
096065 2 5 12 25 26 38 6
096066 2 12 31 35 43 47 40
096067 16 24 25 38 42 46 6
096068 4 6 7 12 25 47 9
096069 2 11 22 29 34 39 45
096070 23 31 35 40 41 44 21
096071 9 17 18 21 42 48 7
096072 3 5 22 32 42 49 28
096073 3 14 18 22 28 36 47
096074 2 15 22 27 45 48 32
096075 20 25 29 31 37 46 49
096076 1 16 24 31 35 39 21
096077 8 10 12 28 38 42 33
096078 8 9 16 17 19 30 45
096079 3 4 8 9 24 49 23
096080 3 10 19 26 29 48 18
096081 9 36 38 40 46 47 13
096082 9 20 23 26 28 37 44
096083 5 7 11 18 38 40 31
096084 15 17 22 28 36 46 24
096085 10 25 29 34 47 49 17
096086 3 11 13 16 21 36 26
096087 1 4 9 17 19 41 7
096088 4 10 28 44 45 48 39
096089 1 10 27 40 43 44 2
096090 1 2 6 12 18 24 25
096091 3 5 16 17 32 37 24
096092 16 20 22 39 42 46 38
096093 1 16 17 20 22 42 29
096094 1 22 23 43 46 49 33
096095 8 12 16 34 36 47 33
096096 8 15 16 19 30 45 44
096097 1 16 31 38 43 44 42
096098 8 10 17 28 32 34 42
096099 10 15 16 20 27 43 19
096100 1 17 26 27 34 39 13
096101 4 7 13 19 23 49 17
096102 15 19 20 22 28 44 42
096103 5 6 9 18 31 37 32
096104 10 12 16 18 22 29 30
097001 13 18 27 43 47 48 21
097002 5 13 29 31 39 40 33
097003 3 7 12 17 28 44 36
097004 3 7 8 27 37 49 48
097005 5 8 10 31 32 41 11
097006 6 8 18 25 26 36 13
097007 9 13 14 26 30 37 5
097008 1 4 15 20 24 40 32
097009 21 34 38 41 42 49 25
097010 1 2 6 18 20 38 29
097011 17 29 30 33 35 42 10
097012 1 3 6 7 15 27 39
097013 5 12 19 22 25 27 29
097014 1 22 31 41 42 46 36
097015 16 22 26 31 39 43 9
097016 1 3 7 12 30 43 22
097017 6 16 33 37 40 47 28
097018 1 7 9 10 18 27 43
097019 1 15 22 25 38 47 16
097020 12 25 28 40 41 42 29
097021 7 8 21 30 36 44 4
097022 3 21 30 34 44 49 13
097023 1 9 27 33 38 49 31
097024 11 14 27 32 34 49 28
097025 2 3 5 13 33 49 10
097026 1 8 9 12 19 26 49
097027 8 16 24 25 32 33 12
097028 13 23 28 30 38 44 26
097029 11 23 29 32 37 39 31
097030 5 6 23 25 28 42 43
097031 13 20 32 33 43 47 28
097032 4 13 25 35 38 43 30
097033 10 15 31 36 44 49 7
097034 4 15 20 45 47 48 34
097035 2 3 11 32 35 42 18
097036 11 13 14 33 39 45 41
097037 9 10 15 23 46 48 38
097038 15 17 23 36 43 48 21
097039 11 31 37 38 41 47 18
097040 3 7 21 22 26 40 41
097041 8 14 17 42 45 47 39
097042 2 10 11 29 37 44 13
097043 4 7 15 24 41 49 30
097044 8 11 12 20 32 42 30
097045 1 20 24 27 29 31 4
097046 1 20 22 31 40 42 38
097047 14 19 20 22 34 39 37
097048 7 8 20 21 31 39 6
097049 1 7 15 32 40 41 9
097050 3 20 21 24 28 39 23
097051 2 7 8 20 33 43 4
097052 1 2 9 10 38 41 31
097053 15 20 24 35 43 48 9
097054 6 10 17 21 43 49 33
097055 14 23 32 33 36 42 3
097056 7 21 22 23 34 36 11
097057 6 16 21 36 37 45 40
097058 4 6 9 15 20 38 27
097059 1 17 25 29 30 33 47
097060 7 19 25 29 35 43 1
097061 16 39 41 42 43 45 14
097062 7 11 18 22 37 38 30
097063 5 10 29 41 44 45 6
097064 8 16 20 33 35 49 24
097065 16 22 24 33 43 49 45
097066 8 14 23 24 43 44 4
097067 2 16 25 35 39 43 26
097068 4 5 8 26 31 37 10
097069 2 4 6 18 23 24 32
097070 2 24 25 26 28 46 49
097071 2 3 10 21 25 34 47
097072 2 3 14 22 32 33 24
097073 10 23 27 28 35 46 2
097074 1 9 16 18 34 37 12
097075 2 25 31 32 44 46 7
097076 2 13 23 28 35 48 18
097077 2 9 20 22 29 35 38
097078 15 29 30 36 41 42 39
097079 1 7 9 13 22 27 34
097080 18 19 37 41 45 48 9
097081 1 20 28 29 33 34 40
097082 13 14 20 24 41 47 6
097083 8 28 30 43 44 46 12
097084 5 11 15 19 28 36 46
097085 2 4 7 8 18 30 33
097086 5 6 8 9 14 49 3
097087 2 7 12 14 36 41 35
097088 1 3 9 11 19 47 40
097089 11 13 19 20 32 40 9
097090 15 25 30 33 40 46 18
097091 11 13 33 34 39 45 15
097092 7 15 23 35 36 43 8
097093 14 17 20 29 34 39 7
097094 16 17 21 28 30 37 9
097095 4 15 26 39 46 49 11
097096 1 5 7 16 17 41 20
097097 7 21 29 30 37 49 36
097098 2 3 8 31 40 44 45
097099 1 5 6 16 26 41 48
097100 2 28 34 36 39 42 24
097101 14 25 26 35 39 40 37
097102 3 10 15 30 38 45 41
097103 2 7 23 25 39 45 22
097104 8 15 18 33 37 40 32
097105 3 9 25 26 36 39 35
098001 2 6 23 26 35 38 11
098002 4 15 20 21 29 33 16
098003 4 15 27 30 37 45 19
098004 4 11 18 33 47 48 30
098005 8 24 25 26 33 40 13
098006 7 21 22 23 40 43 34
098007 10 11 21 28 38 40 29
098008 13 14 27 32 35 38 48
098009 2 5 10 23 39 41 48
098010 3 10 14 23 42 43 34
098011 4 7 10 21 27 32 37
098012 9 12 18 30 46 48 42
098013 2 3 7 24 42 45 10
098014 5 16 21 22 36 43 28
098015 1 13 24 34 40 49 37
098016 4 11 23 25 38 46 17
098017 13 17 19 26 34 36 2
098018 7 14 26 28 34 45 9
098019 6 13 21 26 31 32 30
098020 9 13 26 28 36 38 46
098021 9 24 32 45 46 47 33
098022 1 5 18 23 29 35 27
098023 2 7 9 11 18 31 5
098024 2 7 18 21 25 29 32
098025 1 2 18 28 34 40 25
098026 13 16 23 25 31 47 36
098027 6 33 36 42 44 45 48
098028 3 12 24 31 43 46 42
098029 8 9 25 36 40 44 17
098030 2 8 20 23 45 48 43
098031 16 18 21 22 24 38 34
098032 11 16 23 27 36 39 35
098033 13 20 21 24 42 49 43
098034 5 18 29 30 39 43 26
098035 3 5 21 26 38 43 32
098036 12 15 37 42 45 47 29
098037 3 15 19 22 24 31 5
098038 1 3 20 26 39 44 30
098039 5 7 14 15 18 45 11
098040 11 31 32 38 46 48 42
098041 1 2 16 18 32 40 15
098042 3 8 33 39 41 48 32
098043 21 29 30 34 36 45 49
098044 11 12 20 28 34 46 41
098045 6 23 27 42 44 49 15
098046 26 27 35 36 44 49 42
098047 12 13 32 41 43 44 21
098048 3 5 8 10 25 30 15
098049 2 12 19 23 40 42 9
098050 6 21 22 29 43 49 48
098051 6 12 33 38 43 45 49
098052 4 7 9 21 26 34 28
098053 17 19 32 40 41 47 37
098054 2 25 31 37 39 47 35
098055 3 8 21 26 30 46 11
098056 4 5 15 37 41 44 8
098057 9 11 13 16 38 42 6
098058 5 17 27 28 39 48 44
098059 1 3 7 22 40 47 15
098060 2 10 13 15 25 49 4
098061 4 7 9 10 24 42 41
098062 2 21 23 27 44 48 30
098063 1 2 15 26 31 49 43
098064 3 24 27 28 30 46 42
098065 4 8 15 26 39 49 34
098066 11 12 18 31 46 47 27
098067 11 13 32 37 42 43 20
098068 1 7 9 15 21 38 31
098069 12 23 39 44 45 48 47
098070 7 8 12 19 26 36 9
098071 5 28 31 36 40 49 20
098072 8 11 12 15 19 20 34
098073 10 16 18 31 33 48 7
098074 2 4 26 36 43 48 30
098075 2 4 8 9 26 38 23
098076 3 4 8 12 21 42 48
098077 1 9 13 16 33 37 4
098078 17 27 32 37 45 47 25
098079 9 15 25 28 30 35 22
098080 9 14 15 22 26 33 16
098081 10 14 17 33 40 41 12
098082 5 13 28 40 44 49 43
098083 13 15 20 29 30 43 1
098084 1 11 12 14 41 46 45
098085 5 6 18 19 21 34 10
098086 2 12 28 32 42 46 23
098087 4 8 12 20 37 39 30
098088 5 13 20 26 29 34 30
098089 1 2 10 44 45 46 22
098090 2 7 22 25 26 42 44
098091 13 25 32 33 38 47 26
098092 1 4 8 10 34 49 46
098093 5 13 20 25 26 31 35
098094 2 7 13 23 27 40 4
098095 1 5 6 15 19 26 14
098096 11 23 27 29 38 49 40
098097 2 3 13 19 22 39 21
098098 4 16 19 27 32 39 21
098099 12 15 20 29 36 48 31
098100 4 35 38 43 44 48 37
098101 3 16 32 42 43 45 6
098102 10 11 14 24 27 47 32
098103 9 12 22 30 42 47 27
098104 12 21 25 29 42 48 6
099001 2 16 20 22 23 27 46
099002 11 18 24 32 38 40 47
099003 1 8 19 21 43 45 30
099004 1 23 34 36 46 48 18
099005 4 7 26 41 47 49 3
099006 13 24 25 32 35 45 5
099007 3 23 24 31 32 46 47
099008 25 26 28 33 39 40 10
099009 16 18 29 34 44 49 8
099010 9 15 18 21 27 41 46
099011 1 5 14 19 33 36 16
099012 9 13 32 34 35 45 38
099013 1 14 23 31 32 40 35
099014 5 26 29 36 43 49 12
099015 12 14 27 30 37 43 36
099016 5 19 23 40 45 48 6
099017 5 6 22 32 34 47 1
099018 2 3 9 33 34 38 45
099019 3 15 21 22 35 38 4
099020 5 7 12 14 16 36 4
099021 18 19 23 31 35 38 22
099022 26 36 37 39 41 46 4
099023 5 8 18 22 29 49 47
099024 11 22 28 35 37 48 49
099025 9 17 19 23 35 36 34
099026 16 37 41 46 47 49 14
099027 1 6 16 21 41 48 12
099028 9 23 27 28 31 41 44
099029 4 5 29 36 40 49 26
099030 12 14 34 42 46 49 25
099031 1 24 30 31 34 40 43
099032 2 7 21 23 32 41 42
099033 3 4 30 45 47 49 27
099034 12 14 16 34 35 48 43
099035 8 35 36 37 39 44 20
099036 4 15 23 32 34 35 18
099037 19 23 28 32 38 49 20
099038 11 13 29 33 42 45 2
099039 3 6 16 21 28 47 18
099040 3 6 14 27 28 33 5
099041 4 12 16 27 44 47 39
099042 1 20 30 32 34 43 3
099043 3 18 19 20 26 43 10
099044 2 5 15 28 35 40 1
099045 11 15 27 28 37 39 4
099046 8 24 25 40 42 46 10
099047 1 20 21 27 42 43 26
099048 2 4 17 20 27 44 24
099049 2 5 15 20 26 48 8
099050 9 15 26 28 36 42 40
099051 11 24 27 39 46 47 20
099052 1 4 11 18 20 48 5
099053 7 10 20 23 32 45 17
099054 5 11 21 25 43 48 31
099055 11 24 25 32 33 35 23
099056 2 5 8 15 31 34 12
099057 16 17 18 20 32 45 9
099058 5 22 23 27 29 43 47
099059 8 15 22 42 43 49 7
099060 3 15 33 38 44 49 30
099061 8 11 12 14 23 36 45
099062 3 13 15 25 29 49 9
099063 10 19 21 22 28 47 39
099064 3 24 25 28 38 40 11
099065 2 13 22 30 36 48 9
099066 6 14 18 19 20 42 9
099067 8 21 28 33 38 44 27
099068 6 8 30 45 47 48 29
099069 8 14 27 30 42 47 29
099070 4 7 20 23 31 43 47
099071 5 7 18 20 38 47 37
099072 3 4 8 16 41 43 22
099073 10 14 18 41 42 49 24
099074 1 2 19 22 26 44 3
099075 12 13 24 34 35 39 14
099076 1 22 35 38 39 45 8
099077 2 8 29 36 42 44 22
099078 3 4 19 22 32 40 11
099079 8 12 23 37 38 48 20
099080 14 16 21 32 35 43 49
099081 3 11 14 39 41 48 6
099082 8 9 10 20 31 40 25
099083 1 11 20 28 30 46 10
099084 12 21 27 35 36 37 8
099085 1 4 8 13 18 49 3
099086 3 14 22 35 43 44 26
099087 4 13 19 26 27 28 33
099088 4 5 21 34 36 39 28
099089 5 8 13 16 28 47 46
099090 5 7 21 30 31 36 49
099091 3 10 23 36 37 39 15
099092 2 7 10 12 15 43 22
099093 3 6 40 43 44 45 41
099094 2 3 26 30 32 48 41
099095 18 22 23 35 44 49 26
099096 7 8 24 34 36 38 16
099097 17 23 33 38 43 48 19
099098 21 22 30 37 38 49 34
099099 1 17 22 26 29 33 3
099100 15 16 17 20 32 41 8
099101 9 25 28 30 35 41 12
099102 1 12 23 35 38 45 26
099103 16 27 39 43 48 49 1
099104 2 13 17 27 31 36 18
099105 4 9 27 36 38 39 2
100001 14 19 23 35 37 47 42
100002 11 13 34 35 47 49 20
100003 7 10 11 12 14 20 41
100004 16 17 20 32 39 45 46
100005 15 38 40 42 46 47 17
100006 2 32 36 37 39 43 3
100007 12 13 17 21 31 39 20
100008 3 4 13 18 24 42 47
100009 1 6 17 25 40 42 15
100010 10 33 41 42 47 49 3
100011 5 6 23 31 39 41 16
100012 3 4 7 34 36 45 24
100013 9 12 15 24 33 35 18
100014 14 20 23 26 37 38 33
100015 13 15 20 32 35 39 11
100016 2 3 20 28 36 44 21
100017 3 8 14 27 31 48 23
100018 12 16 18 22 23 27 41
100019 1 6 24 25 32 47 38
100020 5 11 13 21 22 42 25
100021 4 19 28 29 30 41 10
100022 3 15 23 30 36 37 28
100023 6 8 20 24 36 47 27
100024 1 18 35 39 43 48 2
100025 4 10 12 18 22 40 24
100026 14 20 30 32 35 43 33
100027 8 10 20 24 28 29 32
100028 9 10 23 29 37 38 44
100029 4 6 14 24 29 33 45
100030 15 28 37 38 42 47 33
100031 22 35 37 41 46 47 24
100032 4 21 22 26 36 46 41
100033 20 37 39 40 41 45 8
100034 1 7 16 17 22 23 19
100035 10 15 18 24 28 43 35
100036 6 22 23 24 36 44 3
100037 5 12 25 35 38 42 28
100038 16 19 21 29 36 42 10
100039 1 3 11 15 26 48 28
100040 2 33 34 42 44 47 10
100041 1 16 19 24 25 26 21
100042 5 10 24 32 43 48 4
100043 5 9 15 32 38 43 12
100044 8 12 13 15 35 46 30
100045 3 8 22 27 31 39 14
100046 6 10 19 29 37 41 9
100047 5 17 21 31 33 48 25
100048 1 2 19 31 47 48 36
100049 1 10 13 40 42 46 41
100050 11 19 21 27 38 39 24
100051 11 13 15 23 27 33 4
100052 9 23 25 31 44 49 2
100053 1 2 15 18 28 32 26
100054 16 18 35 37 43 47 7
100055 8 24 31 35 37 41 19
100056 17 23 27 30 43 49 31
100057 2 17 20 37 47 49 36
100058 4 5 6 8 22 38 42
100059 2 8 13 29 35 36 14
100060 6 19 28 37 38 46 42
100061 17 24 27 28 42 45 31
100062 3 20 24 25 28 49 30
100063 25 27 33 38 40 49 12
100064 2 12 14 22 40 45 4
100065 26 30 37 38 42 43 32
100066 13 18 30 32 41 48 45
100067 5 23 29 32 36 42 14
100068 10 31 32 33 43 45 30
100069 10 12 26 36 37 48 34
100070 2 5 22 24 30 35 42
100071 2 9 23 29 38 41 8
100072 1 8 12 15 36 47 10
100073 2 8 11 38 41 48 18
100074 15 23 28 30 36 48 45
100075 2 25 27 28 34 37 42
100076 14 16 23 27 28 44 40
100077 3 9 23 26 31 42 41
100078 10 11 24 34 44 48 31
100079 2 8 15 26 29 49 3
100080 1 6 13 16 30 33 3
100081 2 6 18 33 34 43 28
100082 7 8 21 23 26 39 28
100083 4 8 19 32 44 46 21
100084 20 33 34 35 41 43 4
100085 2 5 24 28 33 44 4
100086 5 15 24 27 33 36 1
100087 4 7 13 14 21 29 22
100088 2 7 8 14 21 38 11
100089 2 11 22 35 39 40 36
100090 4 19 20 29 32 36 30
100091 12 19 21 35 42 46 40
100092 10 11 12 15 16 45 19
100093 16 21 37 40 41 46 27
100094 8 10 27 30 36 43 48
100095 1 7 11 14 35 36 10
100096 23 27 31 37 39 45 6
100097 3 13 14 18 22 38 6
100098 10 37 38 39 40 45 18
100099 2 23 30 36 44 48 24
100100 10 31 35 36 41 44 34
100101 5 7 9 26 27 34 8
100102 6 17 27 31 40 48 28
100103 1 8 23 24 30 32 14
100104 12 13 15 28 30 37 3
101001 9 19 26 34 38 40 37
101002 10 14 23 35 41 46 19
101003 3 21 23 27 45 47 40
101004 22 36 42 43 46 48 21
101005 4 10 22 35 42 46 32
101006 10 12 22 30 39 44 9
101007 8 21 29 38 44 45 20
101008 3 20 21 22 34 40 44
101009 1 11 14 15 19 33 42
101010 5 8 20 32 34 35 17
101011 7 22 27 33 39 41 13
101012 5 16 19 29 41 43 37
101013 2 11 19 21 33 45 40
101014 14 15 26 30 38 44 19
101015 2 21 32 39 42 46 19
101016 2 6 13 15 17 43 4
101017 2 30 32 36 43 47 49
101018 2 6 15 21 31 45 24
101019 2 5 17 20 25 48 14
101020 10 21 41 44 45 48 32
101021 6 24 46 47 48 49 40
101022 26 27 28 30 31 43 8
101023 4 5 7 13 26 46 24
101024 22 31 36 37 43 44 11
101025 16 18 23 27 28 29 19
101026 1 20 21 28 36 38 30
101027 8 22 23 39 44 47 36
101028 4 5 14 36 37 40 25
101029 6 19 27 31 33 42 13
101030 1 4 9 20 25 35 43
101031 19 23 25 26 31 43 10
101032 2 3 25 44 45 48 31
101033 9 14 19 21 39 47 11
101034 13 22 24 35 40 45 37
101035 5 7 21 22 31 43 4
101036 4 11 17 23 31 39 14
101037 6 23 24 25 29 30 47
101038 10 22 29 30 33 37 27
101039 1 30 35 44 47 49 46
101040 13 23 25 31 39 46 41
101041 1 8 13 18 28 49 6
101042 1 17 22 26 33 40 11
101043 5 22 38 43 46 49 13
101044 4 18 31 34 39 44 49
101045 11 13 16 35 40 49 39
101046 1 9 24 45 46 49 12
101047 3 21 29 33 35 40 45
101048 9 15 23 38 47 49 36
101049 1 5 17 19 26 46 47
101050 6 24 28 36 38 44 8
101051 1 6 7 12 16 41 49
101052 9 11 30 36 39 45 26
101053 11 18 21 34 41 49 47
101054 4 11 18 19 27 31 24
101055 3 16 26 28 31 41 45
101056 8 15 28 35 41 46 11
101057 17 19 22 25 30 37 31
101058 11 14 22 34 41 44 27
101059 5 11 21 24 37 39 13
101060 5 7 9 22 27 34 45
101061 1 24 28 33 43 44 31
101062 13 14 18 27 29 44 21
101063 12 23 28 29 43 47 26
101064 1 3 14 24 26 45 38
101065 2 19 27 31 38 49 32
101066 7 38 39 43 47 48 29
101067 6 29 40 44 46 47 33
101068 7 34 35 42 43 47 29
101069 1 3 6 30 38 41 46
101070 18 28 31 34 36 45 42
101071 10 21 32 36 40 48 9
101072 7 17 19 24 30 44 31
101073 3 4 21 30 31 48 15
101074 20 31 32 33 37 38 39
101075 12 13 18 39 44 48 35
101076 22 29 30 36 37 42 9
101077 18 19 34 35 45 49 16
101078 4 6 22 41 42 47 18
101079 1 3 7 9 28 40 45
101080 9 17 18 33 44 47 8
101081 8 15 18 30 31 41 45
101082 5 11 12 30 43 48 15
101083 2 3 28 35 44 45 36
101084 13 25 27 39 45 49 11
101085 2 7 19 20 25 46 43
101086 1 17 20 28 32 41 13
101087 10 14 20 25 36 46 2
101088 4 18 24 36 37 38 31
101089 8 13 41 42 47 48 29
101090 9 25 31 37 38 45 21
101091 2 11 14 22 25 31 26
101092 17 18 32 33 41 42 12
101093 6 20 23 24 27 34 16
101094 2 3 4 14 18 46 25
101095 5 9 13 18 19 31 32
101096 5 18 26 31 37 43 8
101097 2 23 29 30 41 43 16
101098 8 11 13 19 23 28 49
101099 5 12 14 22 38 44 25
101100 8 11 17 21 28 49 37
101101 5 7 10 15 19 44 49
101102 13 17 22 25 31 48 26
101103 12 18 25 32 41 47 7
101104 5 14 18 28 37 42 19
102001 3 4 22 32 33 49 21
102002 1 7 24 31 35 47 21
102003 5 6 14 19 27 33 31
102004 1 10 24 33 44 48 37
102005 2 8 32 34 44 46 14
102006 22 27 30 33 37 46 24
102007 2 14 23 25 31 47 48
102008 2 4 11 18 48 49 38
102009 3 7 31 32 34 43 41
102010 1 26 28 37 39 46 3
102011 8 15 19 25 30 38 6
102012 4 11 22 26 38 47 13
102013 5 11 17 22 30 34 10
102014 9 10 12 21 31 35 19
102015 6 16 40 45 46 48 31
102016 3 13 19 24 27 38 40
102017 2 8 17 30 34 40 26
102018 7 23 24 28 32 40 8
102019 7 9 17 25 28 35 36
102020 8 15 21 30 36 39 17
102021 1 26 34 35 36 37 7
102022 5 24 30 35 36 38 11
102023 12 13 16 29 44 45 30
102024 16 20 35 46 47 49 31
102025 5 13 23 37 43 44 26
102026 1 12 25 37 39 40 18
102027 5 7 13 23 24 30 1
102028 1 9 20 28 39 42 47
102029 2 3 8 15 24 46 36
102030 11 15 20 23 26 35 31
102031 4 7 13 17 21 35 33
102032 7 16 35 45 47 48 39
102033 1 3 18 22 29 32 21
102034 6 18 40 43 45 48 24
102035 3 36 37 40 42 48 17
102036 12 15 29 31 36 45 40
102037 15 17 19 30 40 47 25
102038 10 30 32 37 46 47 16
102039 1 4 8 22 32 45 2
102040 9 11 14 25 33 35 2
102041 2 17 25 32 39 43 34
102042 1 6 7 27 30 39 21
102043 5 10 16 22 23 24 31
102044 24 29 35 39 42 49 48
102045 10 27 28 31 37 41 34
102046 7 10 16 17 30 43 23
102047 3 6 10 33 39 44 37
102048 14 19 34 43 46 47 42
102049 3 14 29 33 39 48 22
102050 16 20 34 42 46 49 4
102051 4 16 22 32 35 47 43
102052 4 11 25 36 41 43 27
102053 10 29 35 39 41 44 7
102054 7 18 26 28 34 38 5
102055 22 26 31 42 44 49 29
102056 1 5 18 21 40 44 22
102057 11 14 28 39 40 45 42
102058 19 24 28 29 41 43 37
102059 15 24 29 34 47 48 31
102060 10 13 16 29 31 37 32
102061 3 5 9 15 30 49 48
102062 4 17 24 27 35 49 39
102063 8 17 21 34 39 45 44
102064 6 15 16 22 43 45 48
102065 7 27 43 44 45 46 35
102066 1 4 17 27 32 48 6
102067 3 4 12 13 24 30 9
102068 12 14 16 34 37 48 7
102069 4 17 24 27 29 40 9
102070 5 7 16 28 31 49 34
102071 5 11 12 14 31 35 26
102072 5 8 11 14 15 36 46
102073 2 21 24 27 36 46 5
102074 11 13 22 29 39 48 45
102075 6 7 14 33 36 48 18
102076 1 10 14 34 42 47 9
102077 12 16 26 27 28 45 6
102078 1 8 17 19 40 46 15
102079 6 12 19 28 39 47 36
102080 7 9 15 23 34 35 41
102081 1 12 18 19 38 46 2
102082 1 4 14 17 23 46 41
102083 7 12 18 25 28 48 46
102084 4 6 7 11 26 31 38
102085 2 10 32 37 46 49 28
102086 8 13 16 20 22 28 49
102087 9 11 17 39 40 43 46
102088 7 8 16 23 32 39 22
102089 3 8 10 11 35 36 39
102090 1 4 21 30 39 42 44
102091 6 16 26 31 36 46 9
102092 3 12 27 29 37 46 17
102093 1 3 28 30 33 39 34
102094 3 12 22 23 29 46 33
102095 2 4 18 31 36 43 8
102096 15 16 33 35 36 46 21
102097 8 9 11 24 40 47 33
102098 1 10 11 15 20 21 26
102099 2 8 13 19 30 31 20
102100 8 10 17 38 44 49 40
102101 4 6 8 10 15 36 13
102102 6 11 27 34 42 49 21
102103 10 16 26 28 41 48 42
102104 1 4 9 14 22 28 20
102105 8 9 14 17 25 45 27
102106 9 21 24 33 36 43 3
102107 2 12 16 31 39 43 18
102108 5 27 29 36 40 42 35
103001 11 18 20 21 35 37 8
103002 1 7 21 25 35 36 39
103003 7 17 19 30 32 37 3
103004 2 11 21 41 45 49 26
103005 13 15 20 26 29 36 37
103006 12 15 22 38 43 44 9
103007 1 4 20 29 41 45 36
103008 1 2 5 7 26 30 24
103009 9 22 44 45 48 49 8
103010 17 23 27 38 48 49 19
103011 6 9 13 19 36 37 27
103012 3 13 14 19 24 45 5
103013 1 2 16 17 27 30 48
